7849.22 2776.88 1272.52
7816.28 2923.31 1018.1
7783.66 3069.68 763.54
7750.74 3215.9 509.26
7718.03 3362.4 254.9
7735.93 3049.73 1272.46
7703.25 3196.03 1018.25
7670.3 3342.45 763.83
7637.71 3488.62 509.41
7622.66 3322.37 1272.55
7589.98 3468.67 1018.34
7557.27 3615.17 763.97
4407.19 6066.14 -3749.05
5014.51 5756.3 -3557.54
4598.39 5621.05 -4265.57
3925.01 6110.26 -4265.63
3924.96 6547.86 -3557.63
4598.31 6329.1 -3120.01
-6566.63 -3445.83 3993.31
-6733.63 -3347.56 3770.62
-6900.79 -3249.18 3547.75
-7067.81 -3151.13 3324.93
-6511.14 -3270.67 4224.56
-6678.14 -3172.4 4001.86
-6845.16 -3074.35 3779.04
-7012.32 -2975.97 3556.17
-6622.66 -2997.47 4232.98
-6789.86 -2899.26 4010.43
-6957.04 -2801.1 3787.44
-6734.39 -2724.32 4241.54
-7344.85 1536.49 -3779.03
-7492.59 1427.44 -3547.91
-7274.71 1823.21 -3787.53
-7422.26 1714.09 -3556.27
-7570.16 1604.94 -3324.98
-7176.41 2176.47 -3796.11
-7325.11 2069.68 -3564.46
-7474.16 1962.84 -3332.78
-7623.35 1856.03 -3062.35
-7085.22 2457.39 -3795.99
-7233.92 2350.6 -3564.34
-7382.8 2243.65 -3332.95
