#number, x, y
1 304.5 54
2 307.5 93
3 337.5 72
4 333.5 34
5 304.5 18
6 273.5 40
7 277.5 76
8 326.5 138
9 388.5 57
10 332.5 -26
11 238.5 5
12 237.5 104
13 285.5 181
14 386.5 155
15 417.5 113
16 421.5 5
17 390.5 -38
18 292.5 -73
19 246.5 -58
20 186.5 26
21 184.5 74
22 242.5 164
23 -168 1048.5
24 -177 1079.5
25 -137 1070.5
26 -130 1038.5
27 -160 1015.5
28 -198 1021.5
29 -208 1058.5
30 -94 1105.5
31 -80 1014.5
32 -183 965.5
33 -266 1031.5
34 -211 1114.5
35 -112 1158.5
36 -23 1086.5
37 -18 1044.5
38 -77 953.5
39 -128 932.5
40 -248 941.5
41 -290 968.5
42 -311 1066.5
43 -285 1109.5
44 -170 1163.5
45 -1024 -237
46 -1035 -198
47 -1003 -210
48 -993 -249
49 -1014 -279
50 -1048 -266
51 -1056 -223
52 -1097 -226
53 -1086 -271
54 -1054 -316
55 -1020 -327
56 -980 -313
57 -961 -283
58 897.5 -397.5
59 904.5 -358.5
60 928.5 -382.5
61 918.5 -415.5
62 889.5 -436.5
63 863.5 -412.5
64 870.5 -377.5
65 860.5 -337.5
66 894.5 -320.5
67 940.5 -322.5
68 967.5 -347.5
69 965.5 -396.5
70 904.5 -470.5
71 863.5 -482.5
72 838.5 -460.5
73 825.5 -414.5
74 832.5 -378.5

