3951.72 -5789.93 4663.2
3804.15 -5993.04 4508.03
3656.36 -6196.28 4352.85
3508.88 -6399.52 4197.48
4072.8 -5907.04 4420.82
3925.01 -6110.27 4265.63
3777.53 -6313.52 4110.26
3508.84 -6616.32 3846.69
3656.42 -6664.27 3595.63
3803.97 -6712.33 3344.33
3951.78 -6760.2 3093.22
3777.41 -6499.82 3808.92
3924.96 -6547.88 3557.63
4072.77 -6595.75 3306.52
4285.39 -6651.81 2876.39
4524.17 -6478.33 2876.39
4763.13 -6304.76 2876.25
5002 -6131.16 2876.45
4359.35 -6502.7 3120.15
4598.31 -6329.13 3120.01
4837.18 -6155.52 3120.21
4837.18 6155.5 -3120.21
5002 6131.13 -2876.45
5166.81 6106.77 -2632.69
5337.02 6056.3 -2378.51
5481.78 6006.46 -2126.01
5626.64 5956.5 -1873.72
5771.25 5906.46 -1621.16
5771.25 5906.46 -1621.16
5941.19 5754.3 -1395.85
6000.23 5622.21 -1653.03
6000.23 5622.21 -1653.03
6137.96 5534.37 -1407.19
6196.91 5402.25 -1664.71
6196.91 5402.25 -1664.71
5014.41 5911.67 -3306.36
5208.2 5847.32 -3093.22
5402.03 5783.13 -2879.75
5585.92 5713.54 -2640.54
5756.66 5628.08 -2415.2
5927.5 5542.43 -2189.99
6098.01 5456.67 -1964.88
0.11 7498.11 3749.05
654.9 7328.12 4110.26
922.8 7239.79 4197.48
1190.69 7151.46 4284.69
1475.29 7049.33 4353.23
1738.25 6933.67 4421.57
2001.21 6818.18 4489.71
2264.14 6702.32 4557.89
764.51 7478.77 3808.92
1050.26 7415.17 3846.69
1336.17 7351.41 3884.74
1629 7261.22 3929.47
1908.05 7167.6 3953.81
2187.18 7074.06 3977.91
3240.67 -4460.31 6324.34
2833.33 -4658.86 6419.38
2550.48 -4706.75 6489.01
2267.41 -4754.67 6558.72
1984.55 -4802.79 6628.25
1629.17 -4808.43 6720.4
1336.8 -4832.58 6754.48
1044.44 -4856.5 6788.66
752.17 -4880.52 6823.05
3096.81 -4697.46 6222.8
2833.32 -4968.59 6182.7
2550.45 -5023.12 6247.3
2267.59 -5077.64 6311.9
1984.64 -5132.04 6376.69
1629.23 -5219.54 6406.28
1336.77 -5246.2 6438.45
1044.31 -5272.85 6470.62
752.24 -5299.69 6502.76
5416.18 -6449.99 -36.51
5293.13 -6531.54 -292.31
5169.89 -6613.18 -547.97
5046.8 -6695.02 -803.57
4862.2 -6692.04 -1059.06
4714.53 -6739.97 -1310.43
4566.92 -6788.07 -1561.4
5101.16 -6518.46 -1059.21
4953.31 -6566.49 -1310.43
4805.88 -6614.5 -1561.54
5750.15 -6147.33 -290.55
5629.09 -6227.05 -547.97
5508.03 -6306.77 -805.4
5387.32 -6386.4 -1062.58
5192.36 -6392.79 -1310.37
5044.66 -6441.02 -1561.54
