1 -354 -496
2 -341 -462
3 -316 -489
4 -328 -523
5 -368 -527
6 -394 -499
7 -380 -466
8 -334 -409
9 -291 -428
10 -251 -490
11 -253 -530
12 -306 -578
13 -354 -587
14 -429 -554
15 -453 -515
16 -447 -446
17 557 329.5
18 584 305.5
19 611 282.5
20 638 258.5
21 552 291.5
22 579 267.5
23 605 243.5
24 546 253.5
25 571 230.5
26 540 215.5
27 564 367.5
28 618 323.5
29 673 277.5
30 672 228.5
31 606 200.5
32 541 174.5
33 502 209.5
34 512 283.5
35 521 358.5
36 -659 511
37 -640 542
38 -626 512
39 -643 481
40 -677 481
41 -693 511
42 -674 542
43 -595 538
44 -610 461
45 -685 437
46 -711 472
47 -711 551
48 -668 617
49 -578 569
50 -576 463
51 -668 405
52 -745 472
53 -729 579
54 -1714 842
55 -1726 786
56 -1737 731
57 -1747 673
58 -1756 619
59 -1745 816
60 -1759 758
61 -1770 702
62 -1778 644
63 -1775 789
64 -1787 733
65 -1799 671
66 -1581 -544
73 -1628 -422
74 -1517 -518
75 -1487 -650
76 -1592 -655
77 -1683 -497
78 1364 940
79 1380 888
80 1395 834
81 1409 780
82 1381 972
83 1397 920
84 1413 866
85 1428 811
86 1415 953
87 1432 897
88 1448 843
89 1454 927
90 848 -729
91 892 -698
92 835 -771
93 880 -741
94 924 -711
95 822 -815
96 867 -785
97 912 -755
98 959 -723
99 807 -859
100 853 -828
101 901 -801
