#number,x,y
25 391.875 1065
26 396.25 1154.38
27 435 1135.63
28 469.375 1120.63
29 497.5 1081.88
30 491.875 1049.38
31 486.875 1016.88
32 453.75 990
33 413.125 988.75
34 374.375 985
35 330.625 1003.75
36 310 1033.13
37 288.125 1062.5
38 290 1101.25
39 316.25 1123.13
40 343.125 1149.38
41 389.375 1186.25
42 505 1131.25
43 534.375 1086.88
44 518.75 990.625
45 478.75 961.25
46 363.75 952.5
47 311.25 973.75
48 247.5 1063.13
49 248.125 1107.5
50 330 1181.88
51 391.875 -958.75
52 405.625 -923.75
53 428.75 -951.25
54 416.25 -983.125
55 374.375 -991.875
56 346.25 -968.75
57 359.35 -935
58 410 -875.625
59 487.5 -942.5
60 429.375 -1035.63
61 312.5 -1020
62 301.875 -920.625
