//n,x,y
1 -354 -496
2 -341 -462
3 -316 -489
4 -328 -523
5 -368 -527
6 -394 -499
7 -380 -466
8 -334 -409
9 -291 -428
10 -251 -490
11 -253 -530
12 -306 -578
13 -354 -587
14 -429 -554
15 -453 -515
16 -447 -446
17 557 329.5
18 584 305.5
19 611 282.5
20 638 258.5
21 552 291.5
22 579 267.5
23 605 243.5
24 546 253.5
25 571 230.5
26 540 215.5
27 564 367.5
28 618 323.5
29 673 277.5
30 672 228.5
31 606 200.5
32 541 174.5
33 502 209.5
34 512 283.5
35 521 358.5
36 -659 511
37 -640 542
38 -626 512
39 -643 481
40 -677 481
41 -693 511
42 -674 542
43 -595 538
44 -610 461
45 -685 437
46 -711 472
47 -711 551
48 -668 617
49 -578 569
50 -576 463
51 -668 405
52 -745 472
53 -729 579
