//n,x,y
75 -1416.5 995
76 -1384.5 988.5
77 -1391.5 939.5
78 -1427.5 892.5
79 -1460.5 891.5
80 -1458.5 941.5
81 -1441.5 1033.5
82 -1337.5 1055.5
83 -1356.5 923.5
84 -1464.5 810.5
85 -1525.5 867.5
86 -1421.5 945.5
87 -1353 -933.5
88 -1347 -897.5
89 -1313 -947.5
90 -1319 -984.5
91 -1361 -972.5
92 -1394 -919.5
93 -1386 -883.5
94 -1291 -913.5
95 -1263 -1048.5
96 -1368 -1033.5
97 -1460 -874.5
98 -1401.5 -811
99 1867.5 497
100 1882.5 539
101 1898.5 470
102 1881.5 430
103 1851.5 456
104 1833.5 532
105 1846.5 568
106 1925.5 527
107 1895.5 344
108 1795.5 466
109 1805.5 595
110 1889.5 618
111 1436 -949
112 1437 -901
113 1473 -902
114 1470 -948
115 1468 -994
116 1430 -994
117 1397 -994
118 1399 -946
119 1401 -903
120 1436 -858
122 1428 -1040
123 1363 -947
