-1835 2303
-1834 2303
-1836 2302
-1835 2302
-1834 2302
-1836 2301
-1835 2301
-1837 2300
-1836 2300
-1835 2300
-1837 2299
-1836 2299
-1835 2299
-1837 2298
-1836 2298
-1837 2297
-1836 2297
-1837 2296
-1784 2289
-1783 2289
-1784 2288
-1783 2288
-1785 2287
-1784 2287
-1783 2287
-1785 2286
-1784 2286
-2045 2269
-2045 2268
-2045 2267
-2045 2266
-2046 2265
-2046 2264
-2048 2259
-2049 2258
-2048 2258
-2049 2257
-2048 2257
-2050 2256
-2049 2256
-2048 2256
-2050 2255
-2049 2255
-2050 2254
-2049 2254
-2050 2253
-1764 2252
-1765 2251
-1764 2251
-1766 2250
-1765 2250
-1764 2250
-1766 2249
-1765 2249
-1764 2249
-1767 2248
-1766 2248
-1765 2248
-1764 2248
-1767 2247
-1766 2247
-1765 2247
-1767 2246
-1766 2246
-1765 2246
-1767 2245
-1766 2245
-1767 2244
-1903 2220
-1904 2219
-1903 2219
-1905 2218
-1904 2218
-1903 2218
-1906 2217
-1905 2217
-1904 2217
-1903 2217
-1906 2216
-1905 2216
-1904 2216
-1903 2216
-1906 2215
-1905 2215
-1904 2215
-1907 2214
-1906 2214
-1905 2214
-1904 2214
-1799 2214
-1798 2214
-1907 2213
-1906 2213
-1905 2213
-1904 2213
-1800 2213
-1799 2213
-1798 2213
-1907 2212
-1906 2212
-1905 2212
-1800 2212
-1799 2212
-1798 2212
-1907 2211
-1906 2211
-1905 2211
-1801 2211
-1800 2211
-1799 2211
-1907 2210
-1906 2210
-1801 2210
-1800 2210
-1799 2210
-1907 2209
-1801 2209
-1800 2209
-1799 2209
-1802 2208
-1801 2208
-1800 2208
-1799 2208
-1802 2207
-1801 2207
-1800 2207
-1802 2206
-1801 2206
-1800 2206
-1802 2205
-1801 2205
-1802 2204
-2083 2181
-2083 2180
-2083 2179
-1887 2175
-1888 2174
-1887 2174
-1886 2174
-1888 2173
-1887 2173
-1886 2173
-1889 2172
-1888 2172
-1887 2172
-1889 2171
-1888 2171
-1887 2171
-1890 2170
-1889 2170
-1888 2170
-1887 2170
-1940 2169
-1890 2169
-1889 2169
-1888 2169
-1887 2169
-1941 2168
-1940 2168
-1890 2168
-1889 2168
-1888 2168
-1887 2168
-1941 2167
-1890 2167
-1889 2167
-1888 2167
-1890 2166
-1889 2166
-1888 2166
-1890 2165
-1889 2165
-1890 2164
-2060 2153
-2061 2152
-2061 2151
-2061 2150
-2061 2149
-2062 2148
-2062 2147
-2062 2146
-2062 2145
-2063 2144
-2062 2144
-2063 2143
-2062 2143
-2063 2142
-2064 2141
-2063 2141
-2064 2140
-2063 2140
-2064 2139
-2063 2139
-2064 2138
-2064 2137
-2064 2136
-1870 2131
-1871 2130
-1870 2130
-1872 2129
-1871 2129
-1870 2129
-1920 2128
-1872 2128
-1871 2128
-1870 2128
-1921 2127
-1920 2127
-1872 2127
-1871 2127
-1870 2127
-1921 2126
-1920 2126
-1873 2126
-1872 2126
-1871 2126
-1870 2126
-1922 2125
-1921 2125
-1920 2125
-1873 2125
-1872 2125
-1871 2125
-1923 2124
-1922 2124
-1921 2124
-1920 2124
-1873 2124
-1872 2124
-1871 2124
-1923 2123
-1922 2123
-1921 2123
-1920 2123
-1873 2123
-1872 2123
-1923 2122
-1922 2122
-1921 2122
-1920 2122
-1924 2121
-1923 2121
-1922 2121
-1921 2121
-1920 2121
-1924 2120
-1923 2120
-1922 2120
-1921 2120
-1924 2119
-1923 2119
-1922 2119
-1921 2119
-1924 2118
-1923 2118
-1922 2118
-1921 2118
-1924 2117
-1923 2117
-1922 2117
-1924 2116
-1923 2116
-1924 2115
-1923 2115
-1903 2085
-1902 2085
-1904 2084
-1903 2084
-1902 2084
-1904 2083
-1903 2083
-1902 2083
-1904 2082
-1903 2082
-1902 2082
-1905 2081
-1904 2081
-1903 2081
-1902 2081
-1905 2080
-1904 2080
-1903 2080
-1902 2080
-1905 2079
-1904 2079
-1903 2079
-1905 2078
-1904 2078
-1903 2078
-1955 2077
-1905 2077
-1904 2077
-1903 2077
-1956 2076
-1955 2076
-1905 2076
-1904 2076
-1957 2075
-1956 2075
-1955 2075
-1957 2074
-1956 2074
-1955 2074
-1958 2073
-1957 2073
-1956 2073
-1958 2072
-1957 2072
-1956 2072
-1958 2071
-1957 2071
-1956 2071
-1958 2070
-1957 2070
-1958 2069
-1957 2069
