//n,x,y
1 91 255
2 120 224
3 130 176
4 111 144
5 92 112
6 75 143
7 53 177
8 65 223
9 92 319
10 139 257
11 169 176
12 130 113
13 94 51
14 57 111
15 15 176
16 44 254
17 780.5 -352
18 776.5 -314
19 805.5 -328
20 810.5 -364
21 781.5 -390
22 752.5 -373
23 749.5 -336
24 798.5 -273
25 840.5 -338
26 812.5 -411
27 745.5 -421
28 730.5 -300
29 747.5 -240
30 824.5 -250
31 869.5 -318
32 844.5 -423
33 748.5 -459
34 72 -1175
35 84 -1144
36 98 -1198
37 32 -1181
38 96 -1097
39 159 -1131
40 175 -1171
41 149 -1234
42 110 -1257
43 29 -1256
44 -11 -1232
45 -30 -1170
46 -14 -1132
47 48 -1095
48 111 -1167
49 59 -1206
50 47 -1149
51 -645 -356
52 -640 -319
53 -610 -343
54 -617 -380
55 -649 -393
56 -677 -369
57 -672 -331
58 -621 -285
59 -574 -353
60 -607 -427
61 -683 -418
62 -713 -339
63 -700 -293
64 -696 -256
65 -544 -374
66 -718 -468
