4910.02 6757.98 -1020.95
5066.53 6606.94 -1272.52
5103.06 6487.49 -1640.88
4944.55 6554.45 -1901.15
4779.74 6578.82 -2144.91
4705.59 6728.03 -1901.29
4592.99 6858.07 -1640.88
4718.01 6860.16 -1272.5
4928.38 6783.07 -510.4
5195.61 6530.36 -1018.1
5325.71 6293.78 -1634.22
5018.61 6405.21 -2145.11
4688.98 6453.95 -2632.63
4540.78 6752.39 -2145.05
4339.96 7009.92 -1634.4
4605.24 6959.31 -1018.02
7160.31 587.19 -4320.78
7267.41 773.99 -4118.86
7308.66 483.3 -4087.45
7201.22 296.57 -4289.41
7052.97 400.17 -4522.56
7011.71 690.87 -4553.98
7119.05 877.89 -4352.2
7476.96 762.25 -3801.85
7400.76 188.27 -4001.88
7073.94 82.19 -4557.89
6848.77 558.37 -4870.68
7190.07 1181.11 -4224.56
7415.27 1249.69 -3770.62
7589.93 640.41 -3558.01
7516.21 61.02 -3761.86
7102.87 -203.66 -4489.71
6717.47 356.92 -5042.29
0.09 0.06 -8383.13
238.87 173.53 -8383.13
31.03 -293.57 -8383.13
-269.62 120.21 -8383.12
581.94 499.68 -8392.61
764.41 -62.07 -8392.62
655.06 -399.05 -8392.61
177.19 -746.17 -8392.62
-177.1 -746.31 -8392.61
-654.9 -399.1 -8392.62
-764.51 -62.2 -8392.61
-581.94 499.52 -8392.62
-295.4 707.87 -8392.61
295.24 707.81 -8392.62
269.8 -120.09 -8383.13
-239 -173.58 -8383.14
-30.84 293.68 -8383.12
-1654.2 6991.24 -4320.9
-1509.68 7150.94 -4118.86
-1364.98 7041.96 -4352.1
-1509.64 6882 -4553.93
-1798.86 6831.27 -4522.73
-1943.25 6940.41 -4289.4
-1798.9 7100.22 -4087.66
-1247.75 7309.97 -3993.42
-1098.55 6999.91 -4553.41
-1585.56 6685.97 -4870.72
-2107.9 6753.14 -4557.8
-2107.8 7096.79 -4001.81
-1874.13 7287.15 -3784.72
-1736.36 7416.4 -3557.89
-953.48 6858.17 -4767.9
-2545.4 6508.89 -4659.9
