7131.16 -2316.95 -3749.05
6976.78 -2421.96 -3977.78
7067.98 -2141.26 -3977.78
7222.36 -2036.25 -3749.05
7285.53 -2211.93 -3520.31
7194.33 -2492.63 -3520.31
7039.83 -2597.98 -3749.1
7024.1 -1844.74 -4265.63
7440.27 -1709.47 -3557.63
7440.3 -2417.46 -3120.01
7024.15 -2990.29 -3557.54
6766.92 -2636.33 -4265.57
6727.69 -1969.13 -4663.19
7170.6 -1359.59 -4197.47
7376.78 -1292.56 -3846.69
7650.49 -1669.36 -3093.22
7650.5 -2020.14 -2876.39
7376.77 -2862.56 -2876.45
7170.57 -3146.38 -3093.22
6727.7 -3290.23 -3846.73
6600.24 -3114.86 -4197.52
6600.28 -2361.34 -4663.17
