1 91 255
2 120 224
3 130 176
4 111 144
5 92 112
6 75 143
7 53 177
8 65 223
9 92 319
10 139 257
11 169 176
12 130 113
13 94 51
14 57 111
15 15 176
16 44 254
17 780.5 -352
18 776.5 -314
19 805.5 -328
20 810.5 -364
21 781.5 -390
22 752.5 -373
23 749.5 -336
24 798.5 -273
25 840.5 -338
26 812.5 -411
27 745.5 -421
28 730.5 -300
29 747.5 -240
30 824.5 -250
31 869.5 -318
32 844.5 -423
33 748.5 -459
34 72 -1175
35 84 -1144
36 98 -1198
37 32 -1181
38 96 -1097
39 159 -1131
40 175 -1171
41 149 -1234
42 110 -1257
43 29 -1256
44 -11 -1232
45 -30 -1170
46 -14 -1132
47 48 -1095
48 111 -1167
49 59 -1206
50 47 -1149
51 -645 -356
52 -640 -319
53 -610 -343
54 -617 -380
55 -649 -393
56 -677 -369
57 -672 -331
58 -621 -285
59 -574 -353
60 -607 -427
61 -683 -418
62 -713 -339
63 -700 -293
64 -696 -256
65 -544 -374
66 -718 -468
67 -929 1120
68 -928 1081
69 -925 1042
70 -927 1005
71 -972 1003
72 -981 957
73 -1022 956
74 -1064 955
75 -1063 998
76 -1064 1035
77 -1020 1077
78 -973 1119
79 1028 1136
80 1072 1134
81 1119 1093
82 1163 1051
83 1163 1015
84 1173 963
85 1129 970
86 1085 973
87 1073 1018
88 1032 1019
89 1030 1056
90 1029 1094
91 986 -1725
92 985 -1696
93 1033 -1687
94 1037 -1717
95 990 -1757
96 939 -1765
97 937 -1733
98 1111 -1633
99 1094 -1736
100 929 -1826
101 867 -1769
102 980 -1661
103 -901 -1719
104 -878 -1700
105 -845 -1742
106 -866 -1761
107 -922 -1737
108 -954 -1696
109 -931 -1679
110 -877 -1663
111 -769 -1770
112 -834 -1823
113 -997 -1733
114 -1015 -1633
