0.09 0.06 -8383.13
31.03 -293.57 -8383.13
-239 -173.58 -8383.14
-269.62 120.21 -8383.12
-30.84 293.68 -8383.12
238.87 173.53 -8383.13
269.8 -120.09 -8383.13
177.19 -746.17 -8392.62
-177.1 -746.31 -8392.61
-654.9 -399.1 -8392.62
-764.51 -62.2 -8392.61
-581.94 499.52 -8392.62
-295.4 707.87 -8392.61
295.24 707.81 -8392.62
581.94 499.68 -8392.61
764.41 -62.07 -8392.62
-4176.42 -6501.8 -3332.78
-4415.25 -6328.14 -3332.95
-4654.24 -6154.61 -3332.83
-4893.02 -5981.12 -3332.83
-4231.97 -6327.03 -3564.46
-4470.96 -6153.5 -3564.34
-4709.73 -5980.02 -3564.34
-4287.58 -6152.61 -3796.11
-4526.57 -5979.08 -3795.99
-4343.29 -5977.97 -4027.5
-4120.94 -6676.7 -3062.35
-4598.71 -6329.68 -3062.23
-5076.52 -5982.48 -3062.28
-5180.98 -5748.14 -3324.93
-4813.85 -5750.96 -3787.44
-4446.56 -5753.65 -4250.23
-4098.05 -6006.87 -4250.21
-3981.98 -6355.26 -3787.53
-3865.7 -6703.7 -3324.98
5447.62 -4683.72 -4320.9
5424.57 -4897.87 -4118.86
5243.45 -4894.76 -4352.1
5266.46 -4680.32 -4553.93
5470.63 -4469.28 -4522.73
5651.59 -4472.71 -4289.4
5628.74 -4686.84 -4087.66
5122.64 -5181.68 -4224.67
5030.61 -4800.86 -4752.44
5421.59 -4273.58 -4825.13
5674.72 -4224.42 -4557.8
5876.63 -4502.5 -4001.81
5763.99 -4979.4 -3557.89
5080.86 -5370.87 -4001.91
4802.51 -4987.94 -4767.9
5224.8 -4237.27 -5042.19
5866.02 -4010.24 -4489.72
6044.9 -4467.26 -3761.85
