54 -1714 842
55 -1726 786
56 -1737 731
57 -1747 673
58 -1756 619
59 -1745 816
60 -1759 758
61 -1770 702
62 -1778 644
63 -1775 789
64 -1787 733
65 -1799 671
66 -1581 -544
73 -1628 -422
74 -1517 -518
75 -1487 -650
76 -1592 -655
77 -1683 -497
78 1364 940
79 1380 888
80 1395 834
81 1409 780
82 1381 972
83 1397 920
84 1413 866
85 1428 811
86 1415 953
87 1432 897
88 1448 843
89 1454 927
90 848 -729
91 892 -698
92 835 -771
93 880 -741
94 924 -711
95 822 -815
96 867 -785
97 912 -755
98 959 -723
99 807 -859
100 853 -828
101 901 -801
