67 -929 1120
68 -928 1081
69 -925 1042
70 -927 1005
71 -972 1003
72 -981 957
73 -1022 956
74 -1064 955
75 -1063 998
76 -1064 1035
77 -1020 1077
78 -973 1119
79 1028 1136
80 1072 1134
81 1119 1093
82 1163 1051
83 1163 1015
84 1173 963
85 1129 970
86 1085 973
87 1073 1018
88 1032 1019
89 1030 1056
90 1029 1094
91 986 -1725
92 985 -1696
93 1033 -1687
94 1037 -1717
95 990 -1757
96 939 -1765
97 937 -1733
98 1111 -1633
99 1094 -1736
100 929 -1826
101 867 -1769
102 980 -1661
103 -901 -1719
104 -878 -1700
105 -845 -1742
106 -866 -1761
107 -922 -1737
108 -954 -1696
109 -931 -1679
110 -877 -1663
111 -769 -1770
112 -834 -1823
113 -997 -1733
114 -1015 -1633
