0.09 0.06 -8383.13
31.03 -293.57 -8383.13
-239 -173.58 -8383.14
-269.62 120.21 -8383.12
-30.84 293.68 -8383.12
238.87 173.53 -8383.13
269.8 -120.09 -8383.13
177.19 -746.17 -8392.62
-177.1 -746.31 -8392.61
-654.9 -399.1 -8392.62
-764.51 -62.2 -8392.61
-581.94 499.52 -8392.62
-295.4 707.87 -8392.61
295.24 707.81 -8392.62
581.94 499.68 -8392.61
764.41 -62.07 -8392.62
-4176.42 -6501.8 -3332.78
-4415.25 -6328.14 -3332.95
-4654.24 -6154.61 -3332.83
-4893.02 -5981.12 -3332.83
-4231.97 -6327.03 -3564.46
-4470.96 -6153.5 -3564.34
-4709.73 -5980.02 -3564.34
-4287.58 -6152.61 -3796.11
-4526.57 -5979.08 -3795.99
-4343.29 -5977.97 -4027.5
-4120.94 -6676.7 -3062.35
-4598.71 -6329.68 -3062.23
-5076.52 -5982.48 -3062.28
-5180.98 -5748.14 -3324.93
-4813.85 -5750.96 -3787.44
-4446.56 -5753.65 -4250.23
-4098.05 -6006.87 -4250.21
-3981.98 -6355.26 -3787.53
-3865.7 -6703.7 -3324.98
5447.62 -4683.72 -4320.9
5424.57 -4897.87 -4118.86
5243.45 -4894.76 -4352.1
5266.46 -4680.32 -4553.93
5470.63 -4469.28 -4522.73
5651.59 -4472.71 -4289.4
5628.74 -4686.84 -4087.66
5122.64 -5181.68 -4224.67
5030.61 -4800.86 -4752.44
5421.59 -4273.58 -4825.13
5674.72 -4224.42 -4557.8
5876.63 -4502.5 -4001.81
5763.99 -4979.4 -3557.89
5080.86 -5370.87 -4001.91
4802.51 -4987.94 -4767.9
5224.8 -4237.27 -5042.19
5866.02 -4010.24 -4489.72
6044.9 -4467.26 -3761.85
7849.22 2776.88 1272.52
7816.28 2923.31 1018.1
7783.66 3069.68 763.54
7750.74 3215.9 509.26
7718.03 3362.4 254.9
7735.93 3049.73 1272.46
7703.25 3196.03 1018.25
7670.3 3342.45 763.83
7637.71 3488.62 509.41
7622.66 3322.37 1272.55
7589.98 3468.67 1018.34
7557.27 3615.17 763.97
4407.19 6066.14 -3749.05
5014.51 5756.3 -3557.54
4598.39 5621.05 -4265.57
3925.01 6110.26 -4265.63
3924.96 6547.86 -3557.63
4598.31 6329.1 -3120.01
-6566.63 -3445.83 3993.31
-6733.63 -3347.56 3770.62
-6900.79 -3249.18 3547.75
-7067.81 -3151.13 3324.93
-6511.14 -3270.67 4224.56
-6678.14 -3172.4 4001.86
-6845.16 -3074.35 3779.04
-7012.32 -2975.97 3556.17
-6622.66 -2997.47 4232.98
-6789.86 -2899.26 4010.43
-6957.04 -2801.1 3787.44
-6734.39 -2724.32 4241.54
-7344.85 1536.49 -3779.03
-7492.59 1427.44 -3547.91
-7274.71 1823.21 -3787.53
-7422.26 1714.09 -3556.27
-7570.16 1604.94 -3324.98
-7176.41 2176.47 -3796.11
-7325.11 2069.68 -3564.46
-7474.16 1962.84 -3332.78
-7623.35 1856.03 -3062.35
-7085.22 2457.39 -3795.99
-7233.92 2350.6 -3564.34
-7382.8 2243.65 -3332.95
