-4176.42 -6501.8 -3332.78
-4415.25 -6328.14 -3332.95
-4654.24 -6154.61 -3332.83
-4893.02 -5981.12 -3332.83
-4231.97 -6327.03 -3564.46
-4470.96 -6153.5 -3564.34
-4709.73 -5980.02 -3564.34
-4287.58 -6152.61 -3796.11
-4526.57 -5979.08 -3795.99
-4343.29 -5977.97 -4027.5
-4120.94 -6676.7 -3062.35
-4598.71 -6329.68 -3062.23
-5076.52 -5982.48 -3062.28
-5180.98 -5748.14 -3324.93
-4813.85 -5750.96 -3787.44
-4446.56 -5753.65 -4250.23
-4098.05 -6006.87 -4250.21
-3981.98 -6355.26 -3787.53
-3865.7 -6703.7 -3324.98
