7131.16 2316.92 3749.05
7285.53 2211.91 3520.31
7194.33 2492.61 3520.31
7039.83 2597.95 3749.1
6976.78 2421.94 3977.78
7067.98 2141.24 3977.78
7222.36 2036.22 3749.05
7440.3 2417.43 3120.01
7024.15 2990.27 3557.54
6766.92 2636.32 4265.58
7024.1 1844.72 4265.63
7440.27 1709.45 3557.63
7650.5 2020.11 2876.39
7376.77 2862.54 2876.45
7170.57 3146.35 3093.22
6727.7 3290.21 3846.73
6600.24 3114.84 4197.53
6600.28 2361.32 4663.18
6727.69 1969.12 4663.2
7170.6 1359.58 4197.48
7376.78 1292.54 3846.69
7650.49 1669.34 3093.22
7131.16 -2316.95 -3749.05
6976.78 -2421.96 -3977.78
7067.98 -2141.26 -3977.78
7222.36 -2036.25 -3749.05
7285.53 -2211.93 -3520.31
7194.33 -2492.63 -3520.31
7039.83 -2597.98 -3749.1
7024.1 -1844.74 -4265.63
7440.27 -1709.47 -3557.63
7440.3 -2417.46 -3120.01
7024.15 -2990.29 -3557.54
6766.92 -2636.33 -4265.57
6727.69 -1969.13 -4663.19
7170.6 -1359.59 -4197.47
7376.78 -1292.56 -3846.69
7650.49 -1669.36 -3093.22
7650.5 -2020.14 -2876.39
7376.77 -2862.56 -2876.45
7170.57 -3146.38 -3093.22
6727.7 -3290.23 -3846.73
6600.24 -3114.86 -4197.52
6600.28 -2361.34 -4663.17
1654.2 -6991.31 4320.78
1798.86 -7100.3 4087.44
1943.25 -6940.41 4289.41
1798.9 -6831.43 4522.57
1509.68 -6882.02 4553.98
1364.98 -7041.9 4352.2
1509.64 -7150.89 4118.86
1247.98 -7310.05 3993.31
1098.55 -7203.15 4224.56
1098.59 -6999.97 4553.29
1247.75 -6840.95 4752.32
1585.34 -6686.11 4870.68
1874.13 -6644.08 4825.24
2771.11 6628.42 4320.78
2981.87 6672.55 4118.86
2718.14 6801.61 4087.44
2507.35 6757.13 4289.41
2560.07 6584.12 4522.57
2823.8 6455.05 4553.98
3034.84 6499.35 4352.2
3345.16 6473.19 4224.56
3287.1 6647.51 3993.31
3035.46 6875.47 3801.85
2766.96 6997.01 3784.81
2466.02 6980.37 4001.88
2264.14 6702.32 4557.89
2389.09 6476.77 4825.24
2647.43 6341.02 4870.68
3011.56 6267.87 4752.32
3225.7 6308.84 4553.29
-147.47 -7383.74 -3977.78
147.67 -7383.74 -3977.78
295.25 -7498.11 -3749.05
147.69 -7612.48 -3520.31
-147.46 -7612.48 -3520.31
-295.39 -7498.1 -3749.1
-416.2 -7250.4 -4265.57
416.12 -7250.38 -4265.63
673.38 -7604.38 -3557.63
0.05 -7823.18 -3120.01
-673.35 -7604.42 -3557.54
0.11 -7498.11 -3749.05
-4407.36 -6066.02 3749.05
-4168.29 -6239.7 3749.1
-4220.74 -6060.23 3977.78
-4459.52 -5886.75 3977.78
-4646.14 -5892.54 3749.05
-4593.98 -6071.8 3520.31
-4355.21 -6245.28 3520.31
-3924.96 -6110.32 4265.58
-4598.31 -5621.07 4265.63
-5014.51 -5756.25 3557.63
-4598.39 -6329.05 3120.01
-3925.01 -6547.87 3557.54
-1654.2 6991.24 -4320.9
-1798.86 6831.27 -4522.73
-1943.25 6940.41 -4289.4
-1798.9 7100.22 -4087.66
-1509.68 7150.94 -4118.86
-1364.98 7041.96 -4352.1
-1509.64 6882 -4553.93
-2107.9 6753.14 -4557.8
-1874.13 7287.15 -3784.72
-953.6 7331.57 -4001.91
-1098.55 6999.91 -4553.41
-1874.22 6644.12 -4825.13
-3773.88 7217.09 2064.15
-3513.36 7356.08 2054.7
-3682.48 7342.72 1812.97
-3943 7203.74 1822.42
-4203.24 7065.04 1832.05
-4034.06 7078.16 2073.69
-3864.94 7091.52 2315.42
-3604.56 7230.55 2305.76
-3310 7372.55 2310.36
-3218.94 7498.12 2059.09
-4294.64 6939.41 2083.23
-3401.41 7246.92 2561.54
