-5100.93 -6518.66 -1059.26
-5192.15 -6392.93 -1310.29
-5283.51 -6267.51 -1561.6
-5135.81 -6315.41 -1812.77
-4988.1 -6363.32 -2063.94
-4749.33 -6536.8 -2063.94
-4510.26 -6710.48 -2063.88
-4419.19 -6836.05 -1812.71
-4327.82 -6961.83 -1561.49
-4475.38 -6913.72 -1310.37
-4623.09 -6865.82 -1059.21
-4862.01 -6692.19 -1059.06
-4409.05 -7097.16 -1062.58
-4261.5 -7145.11 -1313.9
-4296.02 -7187.35 -805.4
-4148.2 -7235.36 -1056.48
-4000.65 -7283.31 -1307.8
-4182.79 -7277.85 -547.97
-4035.24 -7325.8 -799.29
-3887.42 -7373.82 -1050.37
-3739.87 -7421.77 -1301.69
-5420.38 -6180.84 -1831.92
-5272.76 -6228.7 -2083.21
