-7131.09 2317.15 3749.05
-6767.03 2384.96 4420.82
-6766.92 2636.25 4265.63
-6767.07 2887.36 4110.26
-6876.48 3038.17 3808.92
-7024.1 2990.31 3557.63
-7171.82 2942.16 3306.52
-7348.97 2698.43 3120.15
-7440.27 2417.55 3120.01
-7531.48 2136.7 3120.21
-7531.54 1835.26 3306.36
-7440.3 1709.51 3557.54
-7349.01 1584.1 3808.81
-7171.88 1641.52 4110.21
-7024.15 1844.67 4265.58
-6876.58 2048.04 4420.7
-6600.24 2361.38 4663.2
-6600.28 3114.85 4197.48
-6727.69 3290.28 3846.69
-7170.6 3146.32 3093.22
-7376.78 2862.54 2876.39
-7650.49 2020.11 2876.45
-7650.5 1669.3 3093.22
-7376.77 1292.6 3846.73
-7170.57 1359.56 4197.53
-6727.7 1969.19 4663.18
0.09 0.06 -8383.13
-269.62 120.21 -8383.12
-30.84 293.68 -8383.12
238.87 173.53 -8383.13
269.8 -120.09 -8383.13
31.03 -293.57 -8383.13
-239 -173.58 -8383.14
-673.38 218.74 -8392.57
-0.05 708.01 -8392.57
673.35 218.83 -8392.57
416.2 -572.77 -8392.57
-416.12 -572.83 -8392.57
