-7131.09 -2317.15 -3749.05
-7285.46 -2212.15 -3520.31
-7222.39 -2036.11 -3749.1
-7067.92 -2141.45 -3977.78
-6976.72 -2422.15 -3977.78
-7039.88 -2597.85 -3749.05
-7194.26 -2492.85 -3520.31
-4407.36 6066.02 -3749.05
-4593.98 6071.8 -3520.31
-4355.21 6245.28 -3520.31
-4168.29 6239.7 -3749.1
-4220.74 6060.23 -3977.78
-4459.52 5886.75 -3977.78
-4646.14 5892.54 -3749.05
-7440.27 -2417.55 -3120.01
-7440.3 -1709.51 -3557.54
-7024.15 -1844.67 -4265.57
-6766.92 -2636.25 -4265.63
-7024.1 -2990.31 -3557.63
-4598.39 6329.05 -3120.01
-3925.01 6547.87 -3557.54
-3924.96 6110.32 -4265.57
-4598.31 5621.07 -4265.63
-5014.51 5756.25 -3557.63
-7131.09 2317.15 3749.05
-6767.03 2384.96 4420.82
-6766.92 2636.25 4265.63
-6767.07 2887.36 4110.26
-6876.48 3038.17 3808.92
-7024.1 2990.31 3557.63
-7171.82 2942.16 3306.52
-7348.97 2698.43 3120.15
-7440.27 2417.55 3120.01
-7531.48 2136.7 3120.21
-7531.54 1835.26 3306.36
-7440.3 1709.51 3557.54
-7349.01 1584.1 3808.81
-7171.88 1641.52 4110.21
-7024.15 1844.67 4265.58
-6876.58 2048.04 4420.7
-6600.24 2361.38 4663.2
-6600.28 3114.85 4197.48
-6727.69 3290.28 3846.69
-7170.6 3146.32 3093.22
-7376.78 2862.54 2876.39
-7650.49 2020.11 2876.45
-7650.5 1669.3 3093.22
-7376.77 1292.6 3846.73
-7170.57 1359.56 4197.53
-6727.7 1969.19 4663.18
0.09 0.06 -8383.13
-269.62 120.21 -8383.12
-30.84 293.68 -8383.12
238.87 173.53 -8383.13
269.8 -120.09 -8383.13
31.03 -293.57 -8383.13
-239 -173.58 -8383.14
-673.38 218.74 -8392.57
-0.05 708.01 -8392.57
673.35 218.83 -8392.57
416.2 -572.77 -8392.57
-416.12 -572.83 -8392.57
604.61 -8138.36 2083.21
752.17 -8186.41 1831.92
749.07 -8049.65 2324.7
896.88 -8097.53 2073.59
1044.44 -8145.58 1822.3
893.87 -7960.98 2566.46
1041.43 -8009.03 2315.17
1189.24 -8056.91 2064.06
1336.8 -8104.96 1812.77
1038.67 -7872.31 2808.23
1186.23 -7920.36 2556.93
1333.8 -7968.31 2305.87
1481.6 -8016.29 2054.53
1629.17 -8064.24 1803.47
-5100.93 -6518.66 -1059.26
-5192.15 -6392.93 -1310.29
-5283.51 -6267.51 -1561.6
-5135.81 -6315.41 -1812.77
-4988.1 -6363.32 -2063.94
-4749.33 -6536.8 -2063.94
-4510.26 -6710.48 -2063.88
-5420.38 -6180.84 -1831.92
-5272.76 -6228.7 -2083.21
3951.72 -5789.93 4663.2
3804.15 -5993.04 4508.03
3656.36 -6196.28 4352.85
3508.88 -6399.52 4197.48
4072.8 -5907.04 4420.82
3925.01 -6110.27 4265.63
3777.53 -6313.52 4110.26
3508.84 -6616.32 3846.69
3656.42 -6664.27 3595.63
3803.97 -6712.33 3344.33
3951.78 -6760.2 3093.22
3777.41 -6499.82 3808.92
3924.96 -6547.88 3557.63
4072.77 -6595.75 3306.52
4285.39 -6651.81 2876.39
4524.17 -6478.33 2876.39
4763.13 -6304.76 2876.25
5002 -6131.16 2876.45
4359.35 -6502.7 3120.15
4598.31 -6329.13 3120.01
4837.18 -6155.52 3120.21
4296.06 7187.33 805.22
4148.26 7235.34 1056.38
4000.79 7283.27 1307.68
4182.97 7277.8 547.85
4035.17 7325.81 799.01
3887.69 7373.74 1050.31
3739.9 7421.75 1301.47
4069.65 7368.33 290.58
3922.08 7416.28 541.64
3774.37 7464.27 793.04
3626.8 7512.22 1044.1
3479.01 7560.23 1295.27
3778.59 7515 265.07
3631.02 7562.94 516.14
3483.22 7610.96 767.3
3335.75 7658.88 1018.6
4837.18 6155.5 -3120.21
5002 6131.13 -2876.45
5166.81 6106.77 -2632.69
5337.02 6056.3 -2378.51
5481.78 6006.46 -2126.01
5626.64 5956.5 -1873.72
5771.25 5906.46 -1621.16
6000.23 5622.21 -1653.03
6196.91 5402.25 -1664.71
5014.41 5911.67 -3306.36
5208.2 5847.32 -3093.22
5402.03 5783.13 -2879.75
5585.92 5713.54 -2640.54
5756.66 5628.08 -2415.2
5927.5 5542.43 -2189.99
6098.01 5456.67 -1964.88
0.11 7498.11 3749.05
654.9 7328.12 4110.26
922.8 7239.79 4197.48
1190.69 7151.46 4284.69
1475.29 7049.33 4353.23
1738.25 6933.67 4421.57
2001.21 6818.18 4489.71
2264.14 6702.32 4557.89
764.51 7478.77 3808.92
1050.26 7415.17 3846.69
1336.17 7351.41 3884.74
1629 7261.22 3929.47
1908.05 7167.6 3953.81
2187.18 7074.06 3977.91
3240.67 -4460.31 6324.34
2833.33 -4658.86 6419.38
2550.48 -4706.75 6489.01
2267.41 -4754.67 6558.72
1984.55 -4802.79 6628.25
1629.17 -4808.43 6720.4
1336.8 -4832.58 6754.48
1044.44 -4856.5 6788.66
752.17 -4880.52 6823.05
3096.81 -4697.46 6222.8
2833.32 -4968.59 6182.7
2550.45 -5023.12 6247.3
2267.59 -5077.64 6311.9
1984.64 -5132.04 6376.69
1629.23 -5219.54 6406.28
1336.77 -5246.2 6438.45
1044.31 -5272.85 6470.62
752.24 -5299.69 6502.76
5416.18 -6449.99 -36.51
5293.13 -6531.54 -292.31
5169.89 -6613.18 -547.97
5046.8 -6695.02 -803.57
4862.2 -6692.04 -1059.06
4714.53 -6739.97 -1310.43
4566.92 -6788.07 -1561.4
5101.16 -6518.46 -1059.21
4953.31 -6566.49 -1310.43
4805.88 -6614.5 -1561.54
5750.15 -6147.33 -290.55
5629.09 -6227.05 -547.97
5508.03 -6306.77 -805.4
5387.32 -6386.4 -1062.58
5192.36 -6392.79 -1310.37
5044.66 -6441.02 -1561.54
