1 -22.5 56.25
2 -11.25 90
3 10 63.75
4 1.25 30
5 -35 21.25
6 -58.75 52.5
7 -46.25 86.5
8 1055 35
9 1045 71.25
10 1077.5 65
11 1088.75 26.25
12 1063.5 -3.75
13 1030 6.25
14 1021.25 45
15 -52.5 136.25
16 40 106.25
17 40 5
18 -56.25 -25
19 -106.25 57.5
20 1078.75 131.25
21 1136.25 37.5
22 1076.25 -48.75
23 990 -11.25
24 990 95
25 391.875 1065
26 396.25 1154.38
27 435 1135.63
28 469.375 1120.63
29 497.5 1081.88
30 491.875 1049.38
31 486.875 1016.88
32 453.75 990
33 413.125 988.75
34 374.375 985
35 330.625 1003.75
36 310 1033.13
37 288.125 1062.5
38 290 1101.25
39 316.25 1123.13
40 343.125 1149.38
41 389.375 1186.25
42 505 1131.25
43 534.375 1086.88
44 518.75 990.625
45 478.75 961.25
46 363.75 952.5
47 311.25 973.75
48 247.5 1063.13
49 248.125 1107.5
50 330 1181.88
51 391.875 -958.75
52 405.625 -923.75
53 428.75 -951.25
54 416.25 -983.125
55 374.375 -991.875
56 346.25 -968.75
57 359.35 -935
58 410 -875.625
59 487.5 -942.5
60 429.375 -1035.63
61 312.5 -1020
62 301.875 -920.625
63 -1484.38 85
64 -1485.63 26.25
65 -1510 116.875
66 -1511.88 54.375
67 -1510 -4.375
68 -1536.25 148.125
69 -1537.5 86.875
70 -1536.88 23.75
71 -1535.63 -37.5
72 -1563.75 181.25
73 -1565 118.125
74 -1565.63 53.125
75 -1564.38 -8.75
76 -1562.5 -73.75
77 -681.25 145.625
78 -651.25 125
79 -619.375 103.75
80 -619.375 62.5
81 -618.75 21.25
82 -650 2.5
83 -681.25 -21.875
98 -591.875 84.375
99 -591.875 43.75
100 -1941 413
101 -1920 368
102 -1898 328
103 -1878 290
104 -1955 313
105 -1932 273
106 -1909 236
107 -1861 184.5
108 -1863 97.5
109 -1864 9.5
110 -1861 -78.5
111 -1890 144.5
112 -1891 53.5
113 -1890 -37.5
114 -1874 -183.5
115 -1893 -222.5
116 -1913 -263.5
117 -1934 -306.5
118 -1903 -130.5
119 -1925 -167.5
120 -1948 -208.5
121 2119.5 -89
122 2119.5 -10
123  2117.5 72
124 2096.5 -125
125 2098.5 -48
126 2097.5 29
127 2093.5 109
128 2074.5 -160
129 2076.5 -85
130 2075.5 -9
131 2073.5 66
132 2070.5 141
133 2049 -122.5
134 2049 -50.5
135 2048 23.5
136 2047 96.5
137 1716.5 -901.5
138 1746.5 -900.5
139 1777.5 -898.5
140 1807.5 -892.5
141 1836.5 -889.5
142 1867.5 -885.5
143 1899.5 -881.5
146 1870.5 -954.5
149 1851.5 -1016.5
151 1680.5 -973.5
152 1702.5 -986.5
153 1727.5 -996.5
154 1749.5 -1006.5
155 1772.5 -1016.5
156 1795.5 -1025.5
157 1820.5 -1035.5
164 1640 965
165 1702 1022
166 1726 1032
167 1750.5 1044
168 1776.5 1052
169 1799.5 1060
170 1824.5 1072
171 1850.5 1082
172 1738 949.5
173 1768 946.5
174 1799 942.5
175 1830 941.5
176 1860 935.5
177 1892 927.5
178 -1698.5 1145
179 -1650.5 1163
180 -1605.5 1185
181 -1563.5 1205
182 -1522.5 1224
183 -1468.5 1247
184 -1425.5 1255
185 -1384.5 1263
186 -1345.5 1270
187 -1704.5 1085
188 -1694.5 1051
189 -1650.5 1073
190 -1609.5 1094
191 -1568.5 1112
192 -1524.5 1123
193 -1481.5 1136
194 -1442.5 1146
195 -1404.5 1156
196 -1523.5 -1009.5
197 -1481.5 -1020.5
198 -1443.5 -1033.5
199 -1406.5 -1042.5
200 -1348.5 -1045.5
201 -1309.5 -1048.5
202 -1272.5 -1051.5
203 -1340.5 -1096.5
204 -1301.5 -1097.5
205 -1264.5 -1097.5
206 -1463.5 -1130.5
207 -1421.5 -1137.5
208 -1383.5 -1144.5
209 -1344.5 -1151.5
210 -1291.5 -1150.5
211 -1253.5 -1149.5
