7131.16 2316.92 3749.05
7285.53 2211.91 3520.31
7194.33 2492.61 3520.31
7039.83 2597.95 3749.1
6976.78 2421.94 3977.78
7067.98 2141.24 3977.78
7222.36 2036.22 3749.05
7440.3 2417.43 3120.01
7024.15 2990.27 3557.54
6766.92 2636.32 4265.58
7024.1 1844.72 4265.63
7440.27 1709.45 3557.63
7650.5 2020.11 2876.39
7376.77 2862.54 2876.45
7170.57 3146.35 3093.22
6727.7 3290.21 3846.73
6600.24 3114.84 4197.53
6600.28 2361.32 4663.18
6727.69 1969.12 4663.2
7170.6 1359.58 4197.48
7376.78 1292.54 3846.69
7650.49 1669.34 3093.22
7131.16 -2316.95 -3749.05
6976.78 -2421.96 -3977.78
7067.98 -2141.26 -3977.78
7222.36 -2036.25 -3749.05
7285.53 -2211.93 -3520.31
7194.33 -2492.63 -3520.31
7039.83 -2597.98 -3749.1
7024.1 -1844.74 -4265.63
7440.27 -1709.47 -3557.63
7440.3 -2417.46 -3120.01
7024.15 -2990.29 -3557.54
6766.92 -2636.33 -4265.57
6727.69 -1969.13 -4663.19
7170.6 -1359.59 -4197.47
7376.78 -1292.56 -3846.69
7650.49 -1669.36 -3093.22
7650.5 -2020.14 -2876.39
7376.77 -2862.56 -2876.45
7170.57 -3146.38 -3093.22
6727.7 -3290.23 -3846.73
6600.24 -3114.86 -4197.52
6600.28 -2361.34 -4663.17
1654.2 -6991.31 4320.78
1798.86 -7100.3 4087.44
1943.25 -6940.41 4289.41
1798.9 -6831.43 4522.57
1509.68 -6882.02 4553.98
1364.98 -7041.9 4352.2
1509.64 -7150.89 4118.86
1247.98 -7310.05 3993.31
1098.55 -7203.15 4224.56
1098.59 -6999.97 4553.29
1247.75 -6840.95 4752.32
1585.34 -6686.11 4870.68
1874.13 -6644.08 4825.24
2771.11 6628.42 4320.78
2981.87 6672.55 4118.86
2718.14 6801.61 4087.44
2507.35 6757.13 4289.41
2560.07 6584.12 4522.57
2823.8 6455.05 4553.98
3034.84 6499.35 4352.2
3345.16 6473.19 4224.56
3287.1 6647.51 3993.31
3035.46 6875.47 3801.85
2766.96 6997.01 3784.81
2466.02 6980.37 4001.88
2264.14 6702.32 4557.89
2389.09 6476.77 4825.24
2647.43 6341.02 4870.68
3011.56 6267.87 4752.32
3225.7 6308.84 4553.29
