//number,x,y
100 -1941 413
101 -1920 368
102 -1898 328
103 -1878 290
104 -1955 313
105 -1932 273
106 -1909 236
107 -1861 184.5
108 -1863 97.5
109 -1864 9.5
110 -1861 -78.5
111 -1890 144.5
112 -1891 53.5
113 -1890 -37.5
114 -1874 -183.5
115 -1893 -222.5
116 -1913 -263.5
117 -1934 -306.5
118 -1903 -130.5
119 -1925 -167.5
120 -1948 -208.5
137 1716.5 -901.5
138 1746.5 -900.5
139 1777.5 -898.5
140 1807.5 -892.5
141 1836.5 -889.5
142 1867.5 -885.5
143 1899.5 -881.5
144 1914.5 -891.5
145 1942.5 -890.5
146 1870.5 -954.5
147 1896.5 -955.5
148 1929.5 -951.5
149 1851.5 -1016.5
150 1878.5 -1021.5
151 1680.5 -973.5
152 1702.5 -986.5
153 1727.5 -996.5
154 1749.5 -1006.5
155 1772.5 -1016.5
156 1795.5 -1025.5
157 1820.5 -1035.5
164 1640 965
165 1702 1022
166 1726 1032
167 1750.5 1044
168 1776.5 1052
169 1799.5 1060
170 1824.5 1072
171 1850.5 1082
172 1738 949.5
173 1768 946.5
174 1799 942.5
175 1830 941.5
176 1860 935.5
177 1892 927.5
178 -1698.5 1145
179 -1650.5 1163
180 -1605.5 1185
181 -1563.5 1205
182 -1522.5 1224
183 -1468.5 1247
184 -1425.5 1255
185 -1384.5 1263
186 -1345.5 1270
187 -1704.5 1085
188 -1694.5 1051
189 -1650.5 1073
190 -1609.5 1094
191 -1568.5 1112
192 -1524.5 1123
193 -1481.5 1136
194 -1442.5 1146
195 -1404.5 1156
196 -1523.5 -1009.5
197 -1481.5 -1020.5
198 -1443.5 -1033.5
199 -1406.5 -1042.5
200 -1348.5 -1045.5
201 -1309.5 -1048.5
202 -1272.5 -1051.5
203 -1340.5 -1096.5
204 -1301.5 -1097.5
205 -1264.5 -1097.5
206 -1463.5 -1130.5
207 -1421.5 -1137.5
208 -1383.5 -1144.5
209 -1344.5 -1151.5
210 -1291.5 -1150.5
211 -1253.5 -1149.5
