1 304.5 54
2 307.5 93
3 337.5 72
4 333.5 34
5 304.5 18
6 273.5 40
7 277.5 76
8 326.5 138
9 388.5 57
10 332.5 -26
11 238.5 5
12 237.5 104
13 285.5 181
14 386.5 155
15 417.5 113
16 421.5 5
17 390.5 -38
18 292.5 -73
19 246.5 -58
20 186.5 26
21 184.5 74
22 242.5 164
23 -168 1048.5
24 -177 1079.5
25 -137 1070.5
26 -130 1038.5
27 -160 1015.5
28 -198 1021.5
29 -208 1058.5
30 -94 1105.5
31 -80 1014.5
32 -183 965.5
33 -266 1031.5
34 -211 1114.5
35 -112 1158.5
36 -23 1086.5
37 -18 1044.5
38 -77 953.5
39 -128 932.5
40 -248 941.5
41 -290 968.5
42 -311 1066.5
43 -285 1109.5
44 -170 1163.5
45 -1024 -237
46 -1035 -198
47 -1003 -210
48 -993 -249
49 -1014 -279
50 -1048 -266
51 -1056 -223
52 -1097 -226
53 -1086 -271
54 -1054 -316
55 -1020 -327
56 -980 -313
57 -961 -283
58 897.5 -397.5
59 904.5 -358.5
60 928.5 -382.5
61 918.5 -415.5
62 889.5 -436.5
63 863.5 -412.5
64 870.5 -377.5
65 860.5 -337.5
66 894.5 -320.5
67 940.5 -322.5
68 967.5 -347.5
69 965.5 -396.5
70 904.5 -470.5
71 863.5 -482.5
72 838.5 -460.5
73 825.5 -414.5
74 832.5 -378.5
75 -1416.5 995
76 -1384.5 988.5
77 -1391.5 939.5
78 -1427.5 892.5
79 -1460.5 891.5
80 -1458.5 941.5
81 -1441.5 1033.5
82 -1337.5 1055.5
83 -1356.5 923.5
84 -1464.5 810.5
85 -1525.5 867.5
86 -1421.5 945.5
87 -1353 -933.5
88 -1347 -897.5
89 -1313 -947.5
90 -1319 -984.5
91 -1361 -972.5
92 -1394 -919.5
93 -1386 -883.5
94 -1291 -913.5
95 -1263 -1048.5
96 -1368 -1033.5
97 -1460 -874.5
98 -1401.5 -811
99 1867.5 497
100 1882.5 539
101 1898.5 470
102 1881.5 430
103 1851.5 456
104 1833.5 532
105 1846.5 568
106 1925.5 527
107 1895.5 344
108 1795.5 466
109 1805.5 595
110 1889.5 618
111 1436 -949
112 1437 -901
113 1473 -902
114 1470 -948
115 1468 -994
116 1430 -994
117 1397 -994
118 1399 -946
119 1401 -903
120 1436 -858
122 1428 -1040
123 1363 -947
