4910.02 6757.98 -1020.95
5066.53 6606.94 -1272.52
5103.06 6487.49 -1640.88
4944.55 6554.45 -1901.15
4779.74 6578.82 -2144.91
4705.59 6728.03 -1901.29
4592.99 6858.07 -1640.88
4718.01 6860.16 -1272.5
4928.38 6783.07 -510.4
5195.61 6530.36 -1018.1
5325.71 6293.78 -1634.22
5018.61 6405.21 -2145.11
4688.98 6453.95 -2632.63
4540.78 6752.39 -2145.05
4339.96 7009.92 -1634.4
4605.24 6959.31 -1018.02
7160.31 587.19 -4320.78
7267.41 773.99 -4118.86
7308.66 483.3 -4087.45
7201.22 296.57 -4289.41
7052.97 400.17 -4522.56
7011.71 690.87 -4553.98
7119.05 877.89 -4352.2
7476.96 762.25 -3801.85
7400.76 188.27 -4001.88
7073.94 82.19 -4557.89
6848.77 558.37 -4870.68
7190.07 1181.11 -4224.56
7415.27 1249.69 -3770.62
7589.93 640.41 -3558.01
7516.21 61.02 -3761.86
7102.87 -203.66 -4489.71
6717.47 356.92 -5042.29
0.09 0.06 -8383.13
238.87 173.53 -8383.13
31.03 -293.57 -8383.13
-269.62 120.21 -8383.12
581.94 499.68 -8392.61
764.41 -62.07 -8392.62
655.06 -399.05 -8392.61
177.19 -746.17 -8392.62
-177.1 -746.31 -8392.61
-654.9 -399.1 -8392.62
-764.51 -62.2 -8392.61
-581.94 499.52 -8392.62
-295.4 707.87 -8392.61
295.24 707.81 -8392.62
269.8 -120.09 -8383.13
-239 -173.58 -8383.14
-30.84 293.68 -8383.12
-1654.2 6991.24 -4320.9
-1509.68 7150.94 -4118.86
-1364.98 7041.96 -4352.1
-1509.64 6882 -4553.93
-1798.86 6831.27 -4522.73
-1943.25 6940.41 -4289.4
-1798.9 7100.22 -4087.66
-1247.75 7309.97 -3993.42
-1098.55 6999.91 -4553.41
-1585.56 6685.97 -4870.72
-2107.9 6753.14 -4557.8
-2107.8 7096.79 -4001.81
-1874.13 7287.15 -3784.72
-1736.36 7416.4 -3557.89
-953.48 6858.17 -4767.9
-2545.4 6508.89 -4659.9
-1988.71 5257.86 6251.18
-1954.41 5506.71 6041.96
-1935.53 5720.22 5838.87
-1916.77 5934.06 5635.73
-2174.39 5797.94 5683.5
-2209.65 6017.45 5431.27
-2467.82 5881.58 5476.5
-2726.27 5745.83 5521.93
-2705.44 5490.8 5785.33
-2718.79 5262.83 5972.76
-2479.93 5185.11 6128.13
-2240.92 5107.61 6283.25
5841.29 -157.12 6041.77
5762.73 -469.91 6095.93
5910.5 -673.23 5940.54
6058.07 -876.34 5785.37
6307 -817.25 5522.01
6487.51 -730.81 5304.98
6536.97 -443.36 5259.32
6586.43 -155.69 5214.04
6405.78 -242.18 5431.27
6455.19 45.51 5385.64
6235.88 10.67 5635.83
6038.51 -73.36 5838.71
0.11 -7498.11 -3749.05
147.67 -7383.74 -3977.78
295.25 -7498.11 -3749.05
0.11 -7498.11 -3749.05
-295.39 -7498.1 -3749.1
-295.39 -7498.1 -3749.1
-147.47 -7383.74 -3977.78
673.38 -7604.38 -3557.63
0.05 -7823.18 -3120.01
-673.35 -7604.42 -3557.54
-416.2 -7250.4 -4265.57
416.12 -7250.38 -4265.63
-7131.09 -2317.15 -3749.05
-7067.92 -2141.45 -3977.78
-6976.72 -2422.15 -3977.78
-7039.88 -2597.85 -3749.05
-7194.26 -2492.85 -3520.31
-7285.46 -2212.15 -3520.31
-7222.39 -2036.11 -3749.1
-7024.15 -1844.67 -4265.57
-6766.92 -2636.25 -4265.63
-7024.1 -2990.31 -3557.63
-7440.27 -2417.55 -3120.01
-7440.3 -1709.51 -3557.54
