4837.18 6155.5 -3120.21
5002 6131.13 -2876.45
5166.81 6106.77 -2632.69
5337.02 6056.3 -2378.51
5481.78 6006.46 -2126.01
5626.64 5956.5 -1873.72
5771.25 5906.46 -1621.16
5771.25 5906.46 -1621.16
5941.19 5754.3 -1395.85
6000.23 5622.21 -1653.03
6000.23 5622.21 -1653.03
6137.96 5534.37 -1407.19
6196.91 5402.25 -1664.71
6196.91 5402.25 -1664.71
5014.41 5911.67 -3306.36
5208.2 5847.32 -3093.22
5402.03 5783.13 -2879.75
5585.92 5713.54 -2640.54
5756.66 5628.08 -2415.2
5927.5 5542.43 -2189.99
6098.01 5456.67 -1964.88
