-147.47 -7383.74 -3977.78
147.67 -7383.74 -3977.78
295.25 -7498.11 -3749.05
147.69 -7612.48 -3520.31
-147.46 -7612.48 -3520.31
-295.39 -7498.1 -3749.1
-416.2 -7250.4 -4265.57
416.12 -7250.38 -4265.63
673.38 -7604.38 -3557.63
0.05 -7823.18 -3120.01
-673.35 -7604.42 -3557.54
0.11 -7498.11 -3749.05
-4407.36 -6066.02 3749.05
-4168.29 -6239.7 3749.1
-4220.74 -6060.23 3977.78
-4459.52 -5886.75 3977.78
-4646.14 -5892.54 3749.05
-4593.98 -6071.8 3520.31
-4355.21 -6245.28 3520.31
-3924.96 -6110.32 4265.58
-4598.31 -5621.07 4265.63
-5014.51 -5756.25 3557.63
-4598.39 -6329.05 3120.01
-3925.01 -6547.87 3557.54
-1654.2 6991.24 -4320.9
-1798.86 6831.27 -4522.73
-1943.25 6940.41 -4289.4
-1798.9 7100.22 -4087.66
-1509.68 7150.94 -4118.86
-1364.98 7041.96 -4352.1
-1509.64 6882 -4553.93
-2107.9 6753.14 -4557.8
-1874.13 7287.15 -3784.72
-953.6 7331.57 -4001.91
-1098.55 6999.91 -4553.41
-1874.22 6644.12 -4825.13
-3773.88 7217.09 2064.15
-3513.36 7356.08 2054.7
-3682.48 7342.72 1812.97
-3943 7203.74 1822.42
-4203.24 7065.04 1832.05
-4034.06 7078.16 2073.69
-3864.94 7091.52 2315.42
-3604.56 7230.55 2305.76
-3310 7372.55 2310.36
-3218.94 7498.12 2059.09
-4294.64 6939.41 2083.23
-3401.41 7246.92 2561.54
