7131.16 2316.92 3749.05
7285.53 2211.91 3520.31
7194.33 2492.61 3520.31
7039.83 2597.95 3749.1
6976.78 2421.94 3977.78
7067.98 2141.24 3977.78
7222.36 2036.22 3749.05
7440.3 2417.43 3120.01
7024.15 2990.27 3557.54
6766.92 2636.32 4265.58
7024.1 1844.72 4265.63
7440.27 1709.45 3557.63
7650.5 2020.11 2876.39
7376.77 2862.54 2876.45
7170.57 3146.35 3093.22
6727.7 3290.21 3846.73
6600.24 3114.84 4197.53
6600.28 2361.32 4663.18
6727.69 1969.12 4663.2
7170.6 1359.58 4197.48
7376.78 1292.54 3846.69
7650.49 1669.34 3093.22
