3951.72 -5789.93 4663.2
3804.15 -5993.04 4508.03
3656.36 -6196.28 4352.85
3508.88 -6399.52 4197.48
4072.8 -5907.04 4420.82
3925.01 -6110.27 4265.63
3777.53 -6313.52 4110.26
3508.84 -6616.32 3846.69
3656.42 -6664.27 3595.63
3803.97 -6712.33 3344.33
3951.78 -6760.2 3093.22
3777.41 -6499.82 3808.92
3924.96 -6547.88 3557.63
4072.77 -6595.75 3306.52
4285.39 -6651.81 2876.39
4524.17 -6478.33 2876.39
4763.13 -6304.76 2876.25
5002 -6131.16 2876.45
4359.35 -6502.7 3120.15
4598.31 -6329.13 3120.01
4837.18 -6155.52 3120.21
