-1988.71 5257.86 6251.18
-1954.41 5506.71 6041.96
-1935.53 5720.22 5838.87
-1916.77 5934.06 5635.73
-2174.39 5797.94 5683.5
-2209.65 6017.45 5431.27
-2467.82 5881.58 5476.5
-2726.27 5745.83 5521.93
-2705.44 5490.8 5785.33
-2718.79 5262.83 5972.76
-2479.93 5185.11 6128.13
-2240.92 5107.61 6283.25
5841.29 -157.12 6041.77
5762.73 -469.91 6095.93
5910.5 -673.23 5940.54
6058.07 -876.34 5785.37
6307 -817.25 5522.01
6487.51 -730.81 5304.98
6536.97 -443.36 5259.32
6586.43 -155.69 5214.04
6405.78 -242.18 5431.27
6455.19 45.51 5385.64
6235.88 10.67 5635.83
6038.51 -73.36 5838.71
0.11 -7498.11 -3749.05
147.67 -7383.74 -3977.78
295.25 -7498.11 -3749.05
0.11 -7498.11 -3749.05
-295.39 -7498.1 -3749.1
-295.39 -7498.1 -3749.1
-147.47 -7383.74 -3977.78
673.38 -7604.38 -3557.63
0.05 -7823.18 -3120.01
-673.35 -7604.42 -3557.54
-416.2 -7250.4 -4265.57
416.12 -7250.38 -4265.63
0.11 -7498.11 -3749.05
147.67 -7383.74 -3977.78
295.25 -7498.11 -3749.05
0.11 -7498.11 -3749.05
-295.39 -7498.1 -3749.1
-295.39 -7498.1 -3749.1
-147.47 -7383.74 -3977.78
673.38 -7604.38 -3557.63
0.05 -7823.18 -3120.01
-673.35 -7604.42 -3557.54
-416.2 -7250.4 -4265.57
416.12 -7250.38 -4265.63
